1000
7433.998067 5115.557949
4537.677981 6098.418043
3781.749873 452.319458
2833.433004 5453.866457
3843.165736 5986.220672
7975.950119 2782.900614
177.600980 3179.769205
359.629342 1389.345453
1899.661190 4287.706820
2608.823251 5043.509358
3310.701080 4532.551293
6841.534212 3324.204946
3215.007821 1410.180713
7335.728774 9918.030649
7617.340119 610.706667
9127.224315 5051.338181
5726.264615 3664.902297
1149.756220 9508.014489
4117.221755 3983.189223
4961.880941 7960.387495
9969.409895 2937.831060
743.288105 147.010870
6117.600266 1102.917451
1536.356323 8017.261456
5390.624271 4145.179579
3060.770814 8701.325352
8677.730872 9902.305026
2025.530297 1892.738692
1312.485734 9361.259071
1810.769337 8929.825853
9971.965738 937.993648
3981.164030 5698.230348
4602.895945 5130.920250
5206.244832 8720.117704
9114.109478 168.125769
6680.505195 9083.519368
3105.956830 7423.793300
9230.530243 9223.557100
8526.710751 766.886562
7240.818551 3917.335022
4912.066141 301.589361
2618.660369 3589.797012
203.894382 4644.190667
5482.535705 1516.380115
4005.449733 7293.305042
446.205964 3977.415466
8231.298690 4427.369993
9675.645814 2834.194634
9558.290248 4881.890642
1554.312334 8672.399720
5050.016416 8234.817529
7755.919084 8155.973245
5658.610824 6986.449322
7379.530341 4185.321575
7753.335888 4620.348892
8102.656597 2665.402024
4921.938253 721.316962
6255.199037 5125.832639
5365.507633 1737.734737
6642.212754 9370.957366
9031.039779 7088.418723
3348.372832 7262.338468
1515.788711 3024.018641
96.533098 1074.078954
7905.909288 1650.845432
9746.478675 2955.925699
9885.662962 7502.397759
1111.898940 5544.273781
4488.847076 8491.429285
9729.595356 2242.182960
3111.778173 7832.251949
4907.584989 8033.716426
8553.568916 1162.784021
3159.549061 3919.076544
2900.518762 9801.761820
3290.033905 1931.558536
6890.180538 6638.406737
9193.897005 8405.969249
9662.425383 9290.430103
9480.048208 7568.334666
941.275531 9226.526878
524.260360 826.938488
6728.924632 1636.159300
6371.212274 1217.771709
127.588580 6100.807626
3459.954669 3239.366754
3933.059575 8367.539657
1273.083180 2486.628486
9530.323683 4432.632241
6405.705030 2430.842441
4234.394056 9695.738936
4362.400977 1124.574589
6334.145673 3556.297982
9530.543843 5996.571051
2846.728080 9010.592047
3564.905712 3788.003616
8237.118920 4089.166072
4614.942104 4966.043553
5725.325372 986.154373
6183.815261 5852.913957
7086.962004 9643.769930
9092.280711 1020.021574
8011.309587 365.363886
3506.650060 7541.633266
4797.996131 9912.355090
9972.475707 9032.390187
9608.094021 4334.876679
156.964776 5942.239690
7891.174661 9687.508619
1938.810736 737.902741
8698.100661 5503.716448
4525.906357 6935.219577
9592.882520 9140.848461
1901.263125 5318.207892
127.002834 8085.078387
1171.121845 7213.964838
7728.848317 263.402551
8233.986412 5740.157899
628.766441 1740.636468
3281.791160 5426.762572
1652.991554 3254.266862
4459.152755 1261.085570
7589.143541 4616.117531
7203.325265 5480.318202
4303.626145 9142.136001
6218.220944 3001.726802
4645.852449 744.127296
9936.946384 4238.734964
9884.975757 1838.209504
9556.942857 11.978587
9923.287895 728.064697
7225.943425 7652.136207
991.467252 5459.929833
3392.294102 1620.233693
7200.566301 6674.085263
7046.996265 8853.557854
9928.352125 1506.149015
114.643425 7517.495662
6122.266551 7317.968690
2997.813859 425.892691
6460.104685 9216.034803
3427.619498 1105.957130
9960.162099 3364.565877
5344.692099 9845.137857
5202.775381 4901.634951
9857.116444 5126.063272
5629.699652 7083.059869
2778.199475 6621.166904
2542.989698 6170.493577
8241.400597 9743.556003
2844.578835 5288.396857
8597.113853 2772.930955
6794.545873 8711.757277
290.426617 2916.812418
6029.725962 3288.240476
3342.705114 2489.830648
2504.275279 6770.324612
3595.787777 2464.437374
134.890485 8940.479876
2309.575226 5337.665866
3842.114827 2166.691670
463.729138 9471.814479
9249.751540 3241.928612
6092.981378 1792.741232
9412.422194 4334.381970
1536.297231 2257.001024
9622.778827 133.411083
5029.931983 6417.324695
8845.168361 5320.358600
9334.137118 4874.894323
8608.599076 2676.842228
7364.724971 1112.874351
9447.166840 960.512744
3577.311730 9582.057325
9900.992624 5886.886956
4919.723186 3743.107446
8053.578626 5383.452324
3214.921920 7303.330161
8625.380941 9307.903298
9096.071398 8037.803130
3642.285263 632.368625
294.804149 3265.064085
765.779708 5324.736133
9682.388780 9610.948073
645.094728 9016.525894
4485.842392 9253.693809
1693.368117 1850.567358
366.568156 1140.534953
2811.080102 3943.879886
722.592273 2712.072722
9830.766846 5642.315464
6455.180168 7884.345468
1025.767783 9670.102089
5187.675629 9651.148724
8978.005382 4283.747023
7688.951850 2620.290640
4916.115648 7983.756004
5885.354726 5681.895360
3308.492132 5567.743506
5292.843429 3953.586865
4584.269395 9778.685821
3207.280670 6277.637517
1629.253175 3573.848826
7418.172470 4440.333277
7517.728716 8140.764748
7152.406004 7348.495558
3783.080207 3607.586168
5232.841021 4808.847990
3277.688256 420.516646
4459.996714 2255.693633
4704.263669 2148.948560
4875.984278 9620.379321
132.704559 761.338999
5302.274677 3441.196696
6329.082505 595.118101
7394.783561 913.351900
373.803917 602.064226
7190.989418 2003.057092
4175.913052 4609.161883
6443.390370 1693.641763
2749.926626 3595.796369
9042.137321 6533.006833
7203.382541 4274.978342
1341.854823 481.070793
4695.494987 5801.851538
2736.764426 9399.758661
7950.800098 7612.748704
9020.137977 8083.504661
8374.087707 4322.412649
1524.701352 4703.170208
4917.530750 8919.484913
5616.522108 5291.334668
9521.549139 2807.511521
7294.391760 3697.462186
7416.673409 3737.782125
5391.103954 166.600030
7333.578499 4433.241270
6699.606868 4536.961035
8708.219611 8041.461691
5018.031828 3403.714599
3843.313225 7754.796253
2803.473255 1794.113317
5367.544957 1823.611228
9877.617978 3741.632660
6146.023877 1402.319326
8444.802867 1063.554623
321.804234 4061.324975
6354.889291 9843.353373
6868.836496 3649.281046
3540.815559 4285.509900
7387.063171 8931.919513
4452.109935 4720.641665
3365.160778 1151.716798
9257.602701 2073.380389
9193.178489 4275.634524
5477.094988 3036.491709
2030.430777 8280.568243
4830.605027 7397.975734
104.179466 4708.223005
1139.608389 6250.203343
6110.542331 9584.411257
7313.757966 6432.346570
3645.736228 3668.647252
6275.699938 514.572724
7317.928298 9816.515497
4800.082624 4704.991465
8748.435005 9252.192559
9425.633135 2113.595783
403.909353 8683.235831
4186.976172 9597.087842
2958.870355 9664.071160
2633.579547 4989.301132
7944.639399 7464.184578
2387.276861 8048.818865
2172.407579 3526.885250
4299.022203 8282.949910
3111.296502 1612.780165
4715.296475 6757.032735
5281.427417 990.996412
7271.605459 2599.355710
807.511905 2071.688078
7304.347175 9555.946914
1323.880638 6729.980305
1669.542692 1727.789990
5413.216136 5856.518865
1324.877833 8372.086491
5520.590020 3958.457380
3361.387618 3465.229414
1422.641953 5748.664479
1514.048274 3595.049532
9275.549729 5813.070478
1877.999442 2386.846227
7425.850643 6593.295916
9143.878962 2707.278055
7584.292329 6415.484416
5306.633765 8391.804238
8487.172499 2610.980935
7947.751148 9811.053136
9340.961245 9617.293840
1538.843122 4754.177376
5473.812700 2863.720955
3126.263862 994.402715
6822.178339 6487.651480
4459.632130 8244.820292
2236.315954 5973.680404
1839.869824 1511.865678
1786.750877 3717.869266
3898.711905 9212.601520
311.165177 3042.590866
1919.879570 7895.457511
9458.075282 7226.513334
6287.261744 7945.247776
9837.494269 4235.012887
7756.300907 9178.455509
3852.306723 9295.144034
3932.632880 9326.119423
2158.864984 7058.896742
320.522133 8981.043323
3546.548217 4780.154263
7225.863616 5782.864171
753.834662 9065.733440
7294.729849 2540.585540
2783.602701 1193.441754
1753.187055 3094.767878
4236.032620 3673.066624
990.225384 3694.107897
899.579954 7277.487129
1639.355673 737.074218
1512.500011 9395.656581
9915.529732 5364.806734
8690.800610 3848.162607
4690.926152 849.665595
907.059350 5011.448285
9830.708918 4453.607567
9791.602548 7056.572529
236.471738 545.437206
6122.305964 7531.201587
3086.022745 8905.908665
8724.643341 4839.209800
2000.676543 2960.675956
8512.276424 2990.901928
6654.783858 9411.856378
268.389057 8294.139532
148.930596 1780.889068
7689.796108 64.460323
7145.695806 6380.596718
3912.622930 1836.621953
7230.262313 4819.682280
6848.070243 7060.971226
9273.289852 6639.672786
4117.543755 9509.761589
7185.109997 239.849715
7040.963172 271.132738
9145.758384 5765.606512
5110.342542 1146.434923
8726.282468 3622.618962
4137.336851 5381.066322
3034.475340 4405.725908
3675.205849 3183.405936
6186.614980 1365.001957
3247.866260 3332.310782
7745.598675 7160.489190
5168.932735 4975.860983
1980.171470 2017.002973
2036.832204 1253.461317
8656.675764 6154.375959
763.222902 5841.785756
6394.225679 7804.186073
6112.918493 5539.984058
3569.792581 1223.261031
6686.418982 2296.075049
4845.879998 823.755828
7677.141371 7880.355338
5229.481740 1352.347220
1063.761269 1416.096716
2717.349177 4311.627529
4748.407497 462.947847
1472.116714 9917.340232
5438.808829 3452.288184
1934.343205 7475.641033
4705.749501 591.018964
3630.016993 5468.972402
6432.804720 24.242667
3273.158475 2545.723208
5564.226725 6842.951056
3768.984244 2250.645702
9139.026105 8614.864242
3074.401530 6816.167476
6495.219575 8303.883271
8168.514696 7558.980844
9719.979986 885.863868
1870.608368 4468.387479
1348.811715 3342.725082
4385.727711 6787.620544
6795.013271 6320.070916
4263.261573 1500.762767
6911.089880 7893.278565
6969.735174 3343.894595
7917.521232 242.893645
5889.617803 3481.747952
7085.844701 9658.602048
5732.393654 6224.870806
8273.466285 8806.795189
3041.038277 4768.685854
7110.678454 1209.552968
2327.666694 6830.658441
2095.416836 4198.275061
1299.045915 3444.228551
7541.000148 5684.773627
231.849090 4336.013414
2004.844538 4495.110663
5836.776181 8915.934418
2388.389228 2806.511350
2259.829008 305.910455
3049.404995 8149.446816
3787.658412 135.249696
7808.048859 9520.052066
6360.120502 6081.515144
8326.847250 9401.158779
850.200993 5437.525704
610.711742 3177.867692
2268.184140 2706.128579
7376.142753 3567.230056
6150.357130 4917.142896
9252.003687 6382.206220
9253.156311 1256.848220
877.316879 5089.932492
172.782638 3265.706107
7896.443842 2432.611646
3571.616567 945.848837
582.058458 7359.274978
1081.098533 8390.107322
6879.327040 7441.219034
4471.622461 5206.174289
6842.377808 5321.823454
643.699989 7453.089551
8499.691146 2911.884129
159.218125 5875.833899
6479.114185 6309.575255
792.976790 5731.117868
2691.781471 46.133101
6987.966093 3569.098349
5136.065593 7160.748731
6834.804461 3032.509430
9593.360377 406.421023
3978.358267 175.418835
7765.696001 5059.456800
8565.526157 4645.023036
2500.675829 3037.148613
9851.197326 9343.053638
8358.972067 494.897310
6796.143184 6858.663213
3406.781439 6955.361309
2734.497107 9885.895629
3264.936559 3527.473897
5617.013492 5956.718030
3573.606998 2604.979581
9525.816384 8709.672591
9765.728312 6360.620841
1742.182021 9359.088689
6767.041863 5720.540288
9534.507524 4532.737860
779.997087 8100.033676
9177.760896 3280.672917
1137.182285 9028.958221
2623.726555 9496.154352
9523.855531 9419.869738
6354.817560 2930.636971
6375.231047 9089.314667
2816.532595 9640.167607
2616.788565 8433.546088
5596.885637 6190.395563
1038.525668 5122.702017
4900.068154 804.253975
1483.322853 6642.250175
163.342659 8250.364716
2362.790458 9697.850183
2783.102571 3142.787546
7797.883855 1960.863463
6423.460467 8935.066140
989.821679 9047.187021
8431.220492 513.677211
8467.056755 4786.038047
3444.314182 4842.287798
3875.352714 6260.846777
4482.455405 6492.141279
4694.392860 79.341037
2682.536837 5732.918529
5202.043054 7582.604991
6537.172509 6685.365907
4224.855161 6700.515168
4935.730619 6587.645624
6398.365352 7718.833190
9730.433170 4196.249202
9679.696653 6153.893632
3131.315342 669.518332
5201.080649 1562.535829
1183.195543 3668.137404
6348.573876 4627.509725
8510.425202 223.926585
888.356497 2992.880602
6716.067864 5582.749357
3072.221639 9398.604706
1315.667886 8274.264693
6981.209692 7852.840395
4959.630596 1206.064853
4553.355558 9895.361215
7793.710478 951.720905
7614.194400 7524.143643
5147.970112 7293.891053
3678.037274 8279.285453
7963.409386 8879.117923
9841.821282 9146.604929
2547.255323 6190.395153
3774.114649 1057.680524
6414.321743 4662.471146
4050.561126 3130.389602
245.220498 7122.782770
2528.994303 1560.888384
5397.047459 9510.204000
9413.728779 356.678055
716.268849 3967.084337
252.039265 8509.979327
4918.805242 7866.233670
6034.122964 66.775349
5160.124719 9712.160239
8346.060802 3123.534100
8591.278162 8187.882080
2270.139024 1138.533480
4378.277233 6044.253672
2196.214005 792.598972
706.724814 6246.775136
3922.988574 951.945312
3369.557901 6451.982882
2512.833701 8766.605360
5962.186878 1926.562475
9123.283415 6678.455727
5893.646812 9375.322684
5188.435048 812.452054
7241.556350 1222.558008
879.227403 2401.681064
934.718247 9225.288210
5525.215164 9525.996409
7413.170285 7795.354187
664.529885 1791.447514
3839.607855 2860.743894
2584.046485 4546.332669
9107.519029 6507.035064
5498.277981 2477.076926
2959.017941 8011.111681
1243.682281 8921.204819
9937.674161 366.965695
5599.660541 5831.320968
9742.288380 788.095585
6643.773022 6983.844725
2010.653593 7523.000430
9385.525789 2945.371840
6748.288636 4910.740948
2471.368244 4161.458916
2706.095131 3135.898133
5952.906434 6545.702986
5996.642027 8536.952920
1092.035650 5104.161052
5043.987979 6590.313630
7581.237977 8003.005920
4601.425312 8824.920258
6924.210734 4539.099468
9191.885953 2523.871270
370.420432 8934.174329
3311.966855 7014.193459
5918.019049 5322.620452
4537.193884 5303.544833
8267.992292 1285.482515
214.285776 739.360536
5446.941431 2920.380907
3875.258669 1399.847861
9466.083892 9871.900696
9936.800785 558.119538
4976.061743 4980.788759
7148.433173 2557.299716
2983.794679 1749.858480
1382.219969 9908.005414
6288.957948 574.105922
2431.876684 6659.378380
9508.280251 5743.843539
3673.571834 5426.299300
1066.463986 8210.765719
729.844128 9334.456282
9496.248234 944.129909
73.816814 4943.189665
3864.510816 3949.075483
6343.037526 3330.594708
3820.976174 6279.838307
3888.714245 8797.037918
1260.627066 1037.147413
1354.337629 4244.421746
2787.005893 2736.557598
4152.427155 9075.963841
3310.663520 6584.303838
5735.342221 2818.943771
2328.147377 9408.914055
8245.243071 3394.611363
7619.679774 8975.087199
2729.067641 7115.928003
9919.217108 2802.884454
2059.117664 3783.727923
6751.959937 8402.155195
7114.322631 572.936107
4681.993497 1003.036872
9369.974024 5942.620563
2040.184290 724.311648
187.042304 4827.190183
3460.869251 4339.469464
3903.154025 6771.532771
923.773298 9638.496246
9590.476542 3251.920675
9047.410297 7835.719608
6646.532042 6667.090066
6810.806807 9375.599683
3783.018069 6730.023910
2178.484137 5842.135733
513.751828 8930.444074
4244.290923 7628.074460
9503.380186 8926.284424
8631.111336 8873.354205
4868.904983 671.295622
9597.665858 5055.947292
5498.485805 3058.535104
9395.416756 9401.639830
9830.067875 319.190049
9040.136071 9420.544416
3571.110728 8087.546368
7256.264019 217.642766
4754.636430 4067.070821
9593.242449 8537.654499
797.094731 1771.726581
4379.790232 1310.846559
702.170655 8624.081155
8938.921024 205.550836
7550.365574 7570.032355
9078.905042 2419.270558
8241.327977 8676.570895
7475.217850 3739.813777
1735.105995 6870.634601
3141.453608 1565.173870
7189.824650 2181.589674
985.718281 760.935373
269.136038 8241.982301
978.578139 5023.772472
2309.053122 571.820587
3561.426966 3106.147853
2343.547168 7941.217198
4416.994413 3045.717824
6565.298353 3355.915432
3251.268660 4115.663922
925.947782 2330.173702
6534.934480 9167.275759
1006.744593 4010.152325
2907.089537 2741.850593
880.786921 6048.543144
4307.024462 8070.611576
8230.132818 5292.742744
8831.546949 8499.268861
3534.725040 9810.125092
3523.041328 5843.778162
381.945674 7084.468294
8949.926015 2725.492843
5025.685492 3366.920428
5771.210671 1590.983840
6722.835860 9022.479332
5706.647763 7648.783646
1352.653029 2241.582243
6816.059401 2359.397627
6251.734568 9723.148937
5101.248219 7132.521494
5771.692077 9408.272681
5203.133065 4001.824895
4701.015421 4034.680009
2501.093751 8235.740461
3844.805096 6024.135079
4079.518623 4226.750771
3108.603369 3029.444634
6952.243618 8134.288861
6396.365062 2723.454285
9725.272702 3119.200921
1745.933612 5431.920465
767.984563 3098.586645
7673.502708 7584.043964
5457.984272 3925.237271
7307.192901 559.232487
1057.758760 3078.884973
9967.505168 6260.891825
7080.709868 4668.520584
295.571834 9581.803619
2904.261040 4140.376930
5605.938693 6983.779663
8367.127706 8714.542067
13.224296 5319.371319
6848.830924 6409.589358
8042.825604 6574.103626
9528.790279 9788.759216
2006.024086 296.774837
2887.345856 9679.526794
7880.818806 8345.330129
3604.764060 5188.011702
8904.562615 4662.522825
8266.896675 8872.067779
923.414645 5347.606542
3540.588358 1218.986479
4929.410156 6444.849403
5359.363414 535.348850
3428.629061 3726.491115
9249.890917 3441.853357
9045.862434 6098.721836
9851.442720 7088.688033
2672.825457 9380.232994
6877.447244 4678.849543
9677.007836 9764.793105
4358.376332 7557.826637
8110.123229 7963.140396
2745.838334 7014.685845
2625.663217 1012.735004
5886.753619 3549.077862
6360.341546 9427.341982
4768.064346 1289.751703
5872.191380 127.427755
1825.100552 9300.820441
3853.918870 1074.991464
2742.673798 2899.781299
7173.713300 2594.116513
9988.469332 9846.538762
1974.349502 6865.916572
4525.388300 1651.357334
6630.709673 8883.764636
9209.183971 4740.832902
6846.905028 1955.022301
1755.518742 9472.568244
2967.757309 7642.272360
3021.646102 9328.098856
7069.614337 7789.710447
617.850554 2941.805712
7917.138202 2442.951106
2242.626153 1771.057067
3517.942570 4985.299951
4670.838367 691.655870
7579.416464 4659.307694
538.194627 9553.765966
1525.224266 5063.582927
1205.123300 8155.933939
3947.347558 414.307267
2896.766836 794.252581
2369.329572 4652.285578
266.820821 5337.086881
2294.557938 3288.466927
4665.185732 9364.172276
1078.177370 5283.036290
2305.977988 8995.315576
7725.987396 4548.604141
766.372639 1243.929966
9533.904092 5437.211010
1935.585836 7113.320551
96.518700 2473.780463
6667.086513 1621.742966
7537.363389 7872.209813
9777.676910 1484.710947
8286.517085 2674.443742
2278.963529 655.846652
7326.729324 2545.784354
5992.933533 9621.287263
5834.251282 658.119261
8985.459534 6912.428651
5941.155551 1291.437518
5907.744223 3667.142947
5840.041659 6674.116867
4911.072913 5373.945746
2111.327873 6846.658749
2487.266293 2207.846573
9320.439212 9154.352811
3829.589544 6857.802596
7026.562620 3607.266449
8342.513544 5313.079700
6281.710191 621.477072
5968.926352 3608.439511
3167.261427 1961.859880
3229.726769 9001.512709
2619.979145 2215.186303
5913.941355 8561.134696
3506.623820 1821.685579
2228.277639 9346.665484
8495.802446 7139.350552
4720.611225 607.130314
3986.009296 7207.877523
2814.976886 3306.448503
6362.230329 6644.566430
164.251099 3388.792944
251.832875 8506.764643
8701.872648 6533.543070
9128.241716 4670.798995
141.982576 2295.503138
6632.658880 3371.709349
1297.015842 9252.638025
5586.895652 7210.957202
7813.772716 9093.519472
9032.642780 42.050355
8440.184951 7528.445221
7181.400907 3160.796176
8135.575535 1167.410203
368.673694 950.552416
4473.858706 6730.904024
7595.118851 4638.109805
119.696963 7846.951726
3144.874448 8821.569611
4380.494791 2273.116159
3492.368606 4522.477372
4568.619302 125.027481
7894.186721 5865.635144
9377.665505 3481.082368
3076.592341 7191.438217
2574.601836 2109.235116
7233.488572 1014.786787
9637.680338 4414.889479
4175.582963 7773.255868
5582.299682 4544.256658
8723.808289 56.158383
1275.160676 6318.927135
4694.268193 1394.857639
4165.878857 7839.142642
216.427250 8546.373653
112.258797 3708.795856
3068.851020 4680.878098
3833.823336 963.037736
546.513242 3211.488837
4444.120105 3623.105583
402.927050 7018.721940
5732.340704 7636.415627
8033.508727 5370.021037
2051.305101 2209.091686
3143.276904 7633.604783
6753.348343 1867.085189
7689.763167 8028.509020
8186.012324 2384.031356
9423.366664 2351.891176
223.173993 9639.793914
898.264824 335.432794
3348.589765 3967.115844
5016.310893 7182.413101
4930.153580 5562.824135
393.901933 9374.273685
9185.929722 796.828983
6392.995625 4918.270421
8433.244609 4426.504348
288.291453 484.549706
6635.596038 3431.568357
8118.154489 3388.944377
5298.653545 5807.917656
1417.453397 3484.665865
8191.949012 840.820056
5836.557046 8415.123009
480.613965 6734.821869
8750.555803 3829.203729
701.937713 3766.866691
1011.616826 5632.091293
9329.690830 1405.518759
5006.364977 8515.620548
2202.347742 1399.360598
3433.890964 635.592351
5825.864945 3722.182416
1120.142057 2461.460979
7153.750778 9238.296551
5850.405361 2452.404319
5046.214203 7267.858757
5937.070188 3238.163210
8108.678813 1773.627229
1653.286215 8589.292778
8508.449098 403.842014
2418.496503 9210.386811
4170.708709 3430.113328
4842.478104 3500.399535
4835.632087 9848.843082
2016.020078 7037.979829
1248.203675 5449.911042
7673.572180 7074.068620
9172.093458 8793.714241
9535.529604 6325.844231
8032.010788 5385.934960
8778.248554 3078.224986
2653.793712 4715.318738
6316.388196 762.472521
6488.945967 7969.674416
9351.765299 4997.395060
8373.516429 1770.261797
4207.781872 2544.225134
5200.375125 9050.259976
6044.624669 36.007208
8899.103053 8060.644748
7073.987037 147.306724
3510.555785 4747.559216
7221.375344 2682.649243
3541.273453 6756.904943
9008.493474 1573.284237
2142.839898 7786.742024
4651.509223 4796.633611
2502.060757 967.897415
5559.106132 8991.006724
8937.571831 4910.871426
3988.401785 7311.088260
6681.133223 8196.183656
9855.313394 1881.508344
7246.443628 5899.938064
1917.515552 6145.546677
3960.582807 8991.502593
6292.853400 7471.138596
3739.061804 3514.228740
153.787835 7280.335257
271.133683 9162.281309
8853.619494 2413.973581
6949.023333 3505.128712
7210.607197 9451.084090
4473.026127 2769.713324
8442.090814 3410.597957
7680.584755 2430.492594
721.686213 4361.717973
626.676246 576.999602
6243.226322 7873.119874
6476.937666 8160.741873
4018.666546 437.520473
7152.244461 311.519941
7908.659069 891.306261
3825.748681 8062.446903
8171.641518 4096.882364
7224.728208 7025.261008
6510.855950 4173.751536
530.389715 3721.463142
3624.835626 5003.415847
6491.176466 2066.926436
8414.013804 4171.761216
4497.419030 9135.700017
8533.479193 5124.095276
9712.699619 4776.705510
2997.215145 6189.637285
2937.447379 7015.881691
6627.157757 89.691840
7327.401632 4535.816822
980.998101 1153.150308
2598.263720 9152.639624
5250.032677 9822.991928
6177.900627 1760.888622
3996.743464 6708.290347
5482.351764 7621.579090
1711.706189 1973.528225
9688.505526 125.719989
6145.289445 4185.924551
9261.420006 4678.768634
9310.019826 8974.119620
9455.474145 2307.234966
5163.756900 2392.921519
9323.116657 1790.914653
2482.613359 6650.518284
6326.731474 3463.611465
7803.668593 8924.995195
2616.251084 3053.701265
8747.987123 8794.151712
4814.589887 2744.730582
5502.442054 296.941647
366.309667 7214.148244
2270.469876 54.815188
7339.868232 8415.759321
4240.739739 6601.288233
3094.527951 3550.759560
5575.407853 2550.002091
5857.994527 739.164749
4942.923610 5181.111179
2530.079406 7425.536973
1831.629459 8856.810880
889.148433 9635.298052
7781.806075 3505.399517
2688.999317 6529.793193
2299.551224 7503.589204
9274.523775 7801.993283
7800.530855 9640.833442
5016.141522 71.000727
9695.648630 2356.009755
8486.760048 3936.388364
8957.297988 1581.287995
7487.147924 4532.705836
4131.290086 3345.142446
5271.870589 9074.213695
8526.253625 7801.949995
6499.750664 357.883079
6658.760871 7388.899097
9993.181131 4440.566941
894.298610 2682.180443
970.360130 3193.849839
185.769647 244.883900
995.843118 7986.300503
9885.717342 6011.984640
8057.301230 9581.365967
8367.994394 6544.061274
3517.754326 7325.292382
8125.349268 1004.902246
