30
1787.710172 2951.626518
4688.396070 8013.018378
7722.333724 2665.415491
1393.522965 2989.888239
3490.277461 9914.286658
3485.238018 6268.874396
1423.360897 5800.004739
483.442093 8556.425561
7597.303576 5775.945799
6287.262536 6611.472283
3929.902270 6600.096159
245.741308 5385.644243
4140.049538 7548.923552
6527.117177 6662.095658
6884.210071 7945.980233
2223.571936 8671.920243
897.606747 6911.968005
6684.938616 8619.940476
9577.383497 8078.461582
1609.828710 3067.660957
7992.748235 5095.066729
9336.535353 9416.109132
895.071463 9819.977446
7972.534689 8492.375039
5595.923241 4259.797225
5103.847322 9525.825511
859.893379 5349.588629
4911.469750 4999.942922
2898.512181 1438.586922
1662.038575 9782.722252
